# Feed list created: Feb 19 17:59:39 2025
# nfeeds: 341
# Col.1: id
# Col.2: lon-offset (deg)
# Col.3: lat-offset (deg)
# Col.4: Tcal pol1 (Kelvin)
# Col.5: Tcal pol2 (Kelvin)
# Col.6: flag (0=>Ok, 1=>bad)
# chp8 az_off (deg): 1.722222222e-05
# chp8 el_off (deg): -0.0003638888889
 0     0.007735    -0.000947     0.000000     0.000000  0
 1    -0.005203     0.005192     0.000000     0.000000  0
 2     0.002516     0.001517     0.000000     0.000000  0
 3     0.007518     0.007310     0.000000     0.000000  0
 4    -0.000246     0.010984     0.000000     0.000000  0
 5     0.002522     0.004226     0.000000     0.000000  0
 6     0.000175    -0.005632     0.000000     0.000000  0
 7    -0.007668    -0.001523     0.000000     0.000000  0
 8     0.000000     0.000000     0.000000     0.000000  0
 9    -0.007821     0.006724     0.000000     0.000000  0
10    -0.000029     0.005371     0.000000     0.000000  0
11     0.000111    -0.002799     0.000000     0.000000  0
12    -0.005195     0.002524     0.000000     0.000000  0
13     0.005063     0.005666     0.000000     0.000000  0
14     0.002628    -0.001112     0.000000     0.000000  0
15     0.002480     0.007129     0.000000     0.000000  0
16    -0.002588    -0.001433     0.000000     0.000000  0
17     0.005104     0.002958     0.000000     0.000000  0
18     0.007689     0.001632     0.000000     0.000000  0
19     0.004894     0.008377     0.000000     0.000000  0
20     0.002699    -0.004038     0.000000     0.000000  0
21    -0.002750     0.006627     0.000000     0.000000  0
22    -0.005064    -0.002958     0.000000     0.000000  0
23     0.007686     0.004521     0.000000     0.000000  0
24    -0.007766     0.003847     0.000000     0.000000  0
25    -0.002464    -0.004066     0.000000     0.000000  0
26    -0.003027     0.009511     0.000000     0.000000  0
27     0.010332    -0.002382     0.000000     0.000000  0
28     0.002329     0.009948     0.000000     0.000000  0
29     0.010092     0.008503     0.000000     0.000000  0
30     0.000307    -0.008398     0.000000     0.000000  0
31    -0.010110    -0.003164     0.000000     0.000000  0
32    -0.000427     0.013962     0.000000     0.000000  0
33    -0.010363     0.007766     0.000000     0.000000  0
34     0.007850    -0.003907     0.000000     0.000000  0
35    -0.010249    -0.000449     0.000000     0.000000  0
36     0.002154     0.012738     0.000000     0.000000  0
37     0.010203     0.003005     0.000000     0.000000  0
38    -0.004927    -0.005702     0.000000     0.000000  0
39    -0.010338     0.002319     0.000000     0.000000  0
40     0.010259     0.000294     0.000000     0.000000  0
41     0.004880     0.011440     0.000000     0.000000  0
42    -0.007647    -0.004282     0.000000     0.000000  0
43    -0.010250     0.004970     0.000000     0.000000  0
44     0.007508     0.010064     0.000000     0.000000  0
45     0.002828    -0.006654     0.000000     0.000000  0
46     0.012892    -0.003570     0.000000     0.000000  0
47    -0.012674    -0.004560     0.000000     0.000000  0
48    -0.013001     0.009463     0.000000     0.000000  0
49    -0.002981     0.012473     0.000000     0.000000  0
50    -0.000609     0.016635     0.000000     0.000000  0
51     0.012432     0.010448     0.000000     0.000000  0
52     0.010373    -0.005216     0.000000     0.000000  0
53    -0.002216    -0.009998     0.000000     0.000000  0
54    -0.010485     0.010736     0.000000     0.000000  0
55     0.001957     0.015519     0.000000     0.000000  0
56     0.012628     0.007469     0.000000     0.000000  0
57     0.007941    -0.006488     0.000000     0.000000  0
58    -0.012846     0.001036     0.000000     0.000000  0
59    -0.008066     0.012491     0.000000     0.000000  0
60     0.004711     0.014119     0.000000     0.000000  0
61     0.012741     0.004557     0.000000     0.000000  0
62     0.005537    -0.008153     0.000000     0.000000  0
63    -0.007368    -0.007068     0.000000     0.000000  0
64    -0.012853     0.003704     0.000000     0.000000  0
65    -0.005544     0.013803     0.000000     0.000000  0
66     0.007276     0.012682     0.000000     0.000000  0
67     0.002988    -0.009307     0.000000     0.000000  0
68    -0.009941    -0.005822     0.000000     0.000000  0
69    -0.012946     0.006557     0.000000     0.000000  0
70     0.009938     0.011286     0.000000     0.000000  0
71    -0.003072     0.015274     0.000000     0.000000  0
72     0.012855    -0.000812     0.000000     0.000000  0
73     0.000524    -0.013939     0.000000     0.000000  0
74    -0.015549     0.010672     0.000000     0.000000  0
75    -0.002135    -0.012667     0.000000     0.000000  0
76    -0.000695     0.019422     0.000000     0.000000  0
77     0.015028     0.011524     0.000000     0.000000  0
78     0.015435    -0.004875     0.000000     0.000000  0
79    -0.013075     0.012224     0.000000     0.000000  0
80     0.015094     0.008606     0.000000     0.000000  0
81     0.001849     0.018350     0.000000     0.000000  0
82     0.013001    -0.006153     0.000000     0.000000  0
83    -0.004678    -0.011243     0.000000     0.000000  0
84    -0.015343    -0.000574     0.000000     0.000000  0
85    -0.010632     0.013567     0.000000     0.000000  0
86     0.015277     0.005793     0.000000     0.000000  0
87    -0.007317    -0.009768     0.000000     0.000000  0
88     0.071094     0.071475     0.000000     0.000000  1
89     0.071094     0.071475     0.000000     0.000000  1
90     0.015338     0.003246     0.000000     0.000000  0
91    -0.008218     0.015216     0.000000     0.000000  0
92     0.007130     0.015469     0.000000     0.000000  0
93     0.008126    -0.009533     0.000000     0.000000  0
94    -0.015343     0.004924     0.000000     0.000000  0
95     0.015428     0.000518     0.000000     0.000000  0
96    -0.005708     0.016516     0.000000     0.000000  0
97     0.009673     0.014286     0.000000     0.000000  0
98     0.005468    -0.010933     0.000000     0.000000  0
99    -0.015414     0.007724     0.000000     0.000000  0
100    -0.003323     0.018067     0.000000     0.000000  0
101     0.012394     0.012927     0.000000     0.000000  0
102     0.003024    -0.012155     0.000000     0.000000  0
103     0.015434    -0.002348     0.000000     0.000000  0
104    -0.017710    -0.004576     0.000000     0.000000  0
105     0.001759     0.020868     0.000000     0.000000  0
106     0.015634    -0.007724     0.000000     0.000000  0
107     0.017543     0.010266     0.000000     0.000000  0
108    -0.017747    -0.001749     0.000000     0.000000  0
109    -0.002031    -0.015300     0.000000     0.000000  0
110    -0.013293     0.015041     0.000000     0.000000  0
111     0.017631     0.007451     0.000000     0.000000  0
112     0.013085    -0.008919     0.000000     0.000000  0
113     0.004453     0.019502     0.000000     0.000000  0
114    -0.004589    -0.014206     0.000000     0.000000  0
115     0.071094     0.071475     0.000000     0.000000  1
116     0.071094     0.071475     0.000000     0.000000  1
117    -0.007171    -0.012554     0.000000     0.000000  0
118    -0.017889     0.003623     0.000000     0.000000  0
119     0.009559     0.016920     0.000000     0.000000  0
120     0.008069    -0.012307     0.000000     0.000000  0
121    -0.009603    -0.011350     0.000000     0.000000  0
122    -0.017963     0.006385     0.000000     0.000000  0
123    -0.015711     0.013413     0.000000     0.000000  0
124     0.012133     0.015823     0.000000     0.000000  0
125     0.005523    -0.013797     0.000000     0.000000  0
126    -0.012401    -0.009801     0.000000     0.000000  0
127    -0.017929     0.009408     0.000000     0.000000  0
128    -0.003358     0.020722     0.000000     0.000000  0
129     0.017918    -0.003168     0.000000     0.000000  0
130     0.014809     0.014419     0.000000     0.000000  0
131     0.003136    -0.014992     0.000000     0.000000  0
132    -0.014878    -0.008499     0.000000     0.000000  0
133    -0.018085     0.012125     0.000000     0.000000  0
134    -0.000820     0.021896     0.000000     0.000000  0
135     0.017392     0.013110     0.000000     0.000000  0
136     0.018067    -0.005977     0.000000     0.000000  0
137     0.000609    -0.016752     0.000000     0.000000  0
138    -0.017374    -0.007486     0.000000     0.000000  0
139    -0.020666     0.013275     0.000000     0.000000  0
140     0.071094     0.071475     0.000000     0.000000  1
141     0.071094     0.071475     0.000000     0.000000  1
142     0.020508    -0.007637     0.000000     0.000000  0
143    -0.019868    -0.008738     0.000000     0.000000  0
144    -0.018270     0.014842     0.000000     0.000000  0
145     0.018134    -0.009071     0.000000     0.000000  0
146    -0.019991    -0.006142     0.000000     0.000000  0
147    -0.015854     0.016086     0.000000     0.000000  0
148     0.004336     0.022097     0.000000     0.000000  0
149     0.020089     0.008602     0.000000     0.000000  0
150     0.015593    -0.010498     0.000000     0.000000  0
151    -0.004444    -0.016912     0.000000     0.000000  0
152    -0.013416     0.017688     0.000000     0.000000  0
153     0.006821     0.021020     0.000000     0.000000  0
154    -0.007096    -0.015357     0.000000     0.000000  0
155     0.020234     0.006041     0.000000     0.000000  0
156    -0.010881     0.018950     0.000000     0.000000  0
157     0.010592    -0.013686     0.000000     0.000000  0
158     0.071094     0.071475     0.000000     0.000000  1
159     0.071094     0.071475     0.000000     0.000000  1
160    -0.009577    -0.014239     0.000000     0.000000  0
161    -0.020318     0.001978     0.000000     0.000000  0
162    -0.008344     0.020561     0.000000     0.000000  0
163     0.011995     0.018492     0.000000     0.000000  0
164     0.020362     0.000771     0.000000     0.000000  0
165    -0.012209    -0.012848     0.000000     0.000000  0
166     0.008143    -0.014846     0.000000     0.000000  0
167    -0.020356     0.004828     0.000000     0.000000  0
168    -0.005911     0.021739     0.000000     0.000000  0
169     0.014688     0.016973     0.000000     0.000000  0
170     0.005696    -0.016337     0.000000     0.000000  0
171    -0.014724    -0.011356     0.000000     0.000000  0
172    -0.020509     0.007643     0.000000     0.000000  0
173     0.017154     0.015929     0.000000     0.000000  0
174    -0.003458     0.023271     0.000000     0.000000  0
175     0.003132    -0.017796     0.000000     0.000000  0
176    -0.017359    -0.009715     0.000000     0.000000  0
177     0.020389    -0.004652     0.000000     0.000000  0
178    -0.020527     0.010662     0.000000     0.000000  0
179    -0.000953     0.027021     0.000000     0.000000  0
180     0.022092     0.016006     0.000000     0.000000  0
181     0.023179    -0.008853     0.000000     0.000000  0
182    -0.022357    -0.009920     0.000000     0.000000  0
183    -0.023219     0.014588     0.000000     0.000000  0
184     0.022436     0.013187     0.000000     0.000000  0
185     0.001596     0.026087     0.000000     0.000000  0
186    -0.022354    -0.006692     0.000000     0.000000  0
187     0.020346    -0.010003     0.000000     0.000000  0
188    -0.020596     0.017757     0.000000     0.000000  0
189     0.018317    -0.012122     0.000000     0.000000  0
190     0.022568     0.010487     0.000000     0.000000  0
191    -0.004454    -0.019472     0.000000     0.000000  0
192    -0.022634    -0.004666     0.000000     0.000000  0
193     0.015670    -0.013629     0.000000     0.000000  0
194     0.022647     0.007624     0.000000     0.000000  0
195    -0.018361     0.017395     0.000000     0.000000  0
196    -0.007036    -0.018061     0.000000     0.000000  0
197     0.006767     0.023670     0.000000     0.000000  0
198    -0.015897     0.018833     0.000000     0.000000  0
199     0.013184    -0.014653     0.000000     0.000000  0
200     0.009391     0.022249     0.000000     0.000000  0
201    -0.022915     0.000773     0.000000     0.000000  0
202     0.022764     0.004944     0.000000     0.000000  0
203     0.011944     0.021120     0.000000     0.000000  0
204    -0.012103    -0.015485     0.000000     0.000000  0
205    -0.013416     0.020306     0.000000     0.000000  0
206     0.022721     0.002253     0.000000     0.000000  0
207    -0.022831     0.003517     0.000000     0.000000  0
208     0.010807    -0.016349     0.000000     0.000000  0
209    -0.010926     0.021566     0.000000     0.000000  0
210    -0.014624    -0.014423     0.000000     0.000000  0
211     0.022753    -0.000346     0.000000     0.000000  0
212     0.008221    -0.017514     0.000000     0.000000  0
213     0.014588     0.019729     0.000000     0.000000  0
214    -0.022909     0.006297     0.000000     0.000000  0
215    -0.008408     0.023010     0.000000     0.000000  0
216     0.017023     0.018709     0.000000     0.000000  0
217    -0.017226    -0.012847     0.000000     0.000000  0
218     0.022882    -0.003097     0.000000     0.000000  0
219    -0.009567    -0.017033     0.000000     0.000000  0
220     0.005713    -0.019176     0.000000     0.000000  0
221    -0.005954     0.024308     0.000000     0.000000  0
222    -0.023083     0.009187     0.000000     0.000000  0
223     0.003176    -0.020341     0.000000     0.000000  0
224    -0.019752    -0.011454     0.000000     0.000000  0
225     0.022953    -0.005838     0.000000     0.000000  0
226     0.019625     0.017189     0.000000     0.000000  0
227    -0.023120     0.012007     0.000000     0.000000  0
228     0.003326    -0.023125     0.000000     0.000000  0
229     0.022123     0.019010     0.000000     0.000000  0
230     0.025407    -0.007256     0.000000     0.000000  0
231    -0.003561     0.028696     0.000000     0.000000  0
232    -0.025632     0.013037     0.000000     0.000000  0
233     0.005704    -0.021807     0.000000     0.000000  0
234     0.019554     0.019913     0.000000     0.000000  0
235    -0.019680    -0.014227     0.000000     0.000000  0
236     0.025306    -0.004455     0.000000     0.000000  0
237    -0.005966     0.026867     0.000000     0.000000  0
238    -0.046524     0.048184     0.000000     0.000000  1
239     0.025302    -0.001686     0.000000     0.000000  0
240     0.008188    -0.020134     0.000000     0.000000  0
241    -0.017144    -0.015580     0.000000     0.000000  0
242    -0.008530     0.025538     0.000000     0.000000  0
243     0.025261     0.000843     0.000000     0.000000  0
244    -0.014562    -0.017096     0.000000     0.000000  0
245    -0.010984     0.024125     0.000000     0.000000  0
246     0.013224    -0.017409     0.000000     0.000000  0
247     0.011833     0.023713     0.000000     0.000000  0
248    -0.012066    -0.018197     0.000000     0.000000  0
249     0.025217     0.003540     0.000000     0.000000  0
250     0.015672    -0.015941     0.000000     0.000000  0
251    -0.013493     0.022827     0.000000     0.000000  0
252     0.009248     0.024794     0.000000     0.000000  0
253     0.071094     0.071475     0.000000     0.000000  1
254     0.071094     0.071475     0.000000     0.000000  1
255    -0.025296    -0.000642     0.000000     0.000000  0
256     0.025048     0.008768     0.000000     0.000000  0
257    -0.015911     0.021324     0.000000     0.000000  0
258     0.018100    -0.014488     0.000000     0.000000  0
259     0.006593     0.025825     0.000000     0.000000  0
260    -0.025151    -0.003354     0.000000     0.000000  0
261    -0.018417     0.020093     0.000000     0.000000  0
262     0.004111     0.027258     0.000000     0.000000  0
263     0.024967     0.011702     0.000000     0.000000  0
264    -0.025176    -0.006027     0.000000     0.000000  0
265    -0.020897     0.018590     0.000000     0.000000  0
266     0.001596     0.028601     0.000000     0.000000  0
267     0.023071    -0.011663     0.000000     0.000000  0
268     0.024741     0.014540     0.000000     0.000000  0
269    -0.024919    -0.008920     0.000000     0.000000  0
270    -0.023432     0.017324     0.000000     0.000000  0
271    -0.024987    -0.011590     0.000000     0.000000  0
272    -0.001033     0.029435     0.000000     0.000000  0
273     0.024705     0.017747     0.000000     0.000000  0
274    -0.028170     0.011829     0.000000     0.000000  0
275    -0.003484     0.031681     0.000000     0.000000  0
276     0.019535     0.022569     0.000000     0.000000  0
277     0.027857    -0.002982     0.000000     0.000000  0
278    -0.024836    -0.014272     0.000000     0.000000  0
279     0.030078     0.011796     0.000000     0.000000  0
280    -0.028027     0.009074     0.000000     0.000000  0
281    -0.049877     0.050905     0.000000     0.000000  1
282    -0.005952     0.029820     0.000000     0.000000  0
283     0.027735    -0.000139     0.000000     0.000000  0
284    -0.027883     0.006352     0.000000     0.000000  0
285     0.008337    -0.022859     0.000000     0.000000  0
286    -0.038917    -0.056009     0.000000     0.000000  1
287     0.027735     0.002452     0.000000     0.000000  0
288     0.044187     0.060795     0.000000     0.000000  1
289     0.014339     0.024903     0.000000     0.000000  0
290    -0.038505    -0.044769     0.000000     0.000000  1
291    -0.043846    -0.043480     0.000000     0.000000  1
292    -0.017257    -0.017834     0.000000     0.000000  0
293     0.027726     0.005122     0.000000     0.000000  0
294    -0.027802     0.000773     0.000000     0.000000  0
295     0.013263    -0.019673     0.000000     0.000000  0
296    -0.014609    -0.019134     0.000000     0.000000  0
297    -0.013573     0.025450     0.000000     0.000000  0
298     0.009322     0.026806     0.000000     0.000000  0
299     0.027658     0.007741     0.000000     0.000000  0
300    -0.027716    -0.001943     0.000000     0.000000  0
301     0.015700    -0.018702     0.000000     0.000000  0
302    -0.011836    -0.021027     0.000000     0.000000  0
303    -0.015973     0.023853     0.000000     0.000000  0
304     0.006516     0.028847     0.000000     0.000000  0
305     0.018207    -0.017099     0.000000     0.000000  0
306    -0.018410     0.022658     0.000000     0.000000  0
307     0.027479     0.013448     0.000000     0.000000  0
308     0.004017     0.030822     0.000000     0.000000  0
309     0.045038    -0.000540     0.000000     0.000000  1
310    -0.020987     0.021407     0.000000     0.000000  0
311     0.020847    -0.015634     0.000000     0.000000  0
312     0.033447     0.045474     0.000000     0.000000  1
313    -0.017246    -0.041025     0.000000     0.000000  1
314    -0.019512    -0.020082     0.000000     0.000000  0
315     0.013421    -0.022741     0.000000     0.000000  0
316     0.048145    -0.013163     0.000000     0.000000  1
317    -0.011056     0.029769     0.000000     0.000000  0
318    -0.030539     0.004634     0.000000     0.000000  0
319    -0.046200    -0.037194     0.000000     0.000000  1
320     0.025959    -0.047534     0.000000     0.000000  1
321     0.017002     0.026985     0.000000     0.000000  0
322     0.030374     0.000905     0.000000     0.000000  0
323     0.040941    -0.048452     0.000000     0.000000  1
324    -0.030436     0.001847     0.000000     0.000000  0
325     0.018381    -0.019877     0.000000     0.000000  0
326     0.030274     0.003913     0.000000     0.000000  0
327    -0.016091     0.026462     0.000000     0.000000  0
328    -0.030420    -0.000822     0.000000     0.000000  0
329    -0.033807    -0.048115     0.000000     0.000000  1
330    -0.018353     0.025151     0.000000     0.000000  0
331     0.011765     0.029348     0.000000     0.000000  0
332    -0.030173    -0.003492     0.000000     0.000000  0
333    -0.030576     0.007688     0.000000     0.000000  0
334     0.025781    -0.013038     0.000000     0.000000  0
335     0.030178     0.009539     0.000000     0.000000  0
336    -0.022021    -0.018767     0.000000     0.000000  0
337    -0.025808     0.015741     0.000000     0.000000  0
338    -0.008616     0.030526     0.000000     0.000000  0
339    -0.023488     0.020080     0.000000     0.000000  0
340    -0.044432     0.056328     0.000000     0.000000  1
