# Feed list created: 2024-08-27 12:11:39
# nfeeds: 340
# Col.1: id
# Col.2: lon-offset (deg)
# Col.3: lat-offset (deg)
# Col.4: Tcal pol1 (Kelvin)
# Col.5: Tcal pol2 (Kelvin)
# Col.6: flag (0=>Ok, 1=>bad)
# chp8 az_off (deg): -5e-05
# chp8 el_off (deg): 0.003020555556
 0     0.007672    -0.001187     0.000000     0.000000  0
 1    -0.005532     0.005671     0.000000     0.000000  0
 2     0.002584     0.001529     0.000000     0.000000  0
 3     0.007198     0.007704     0.000000     0.000000  0
 4    -0.000483     0.011844     0.000000     0.000000  0
 5     0.002373     0.004546     0.000000     0.000000  0
 6     0.000124    -0.006037     0.000000     0.000000  0
 7    -0.007827    -0.001821     0.000000     0.000000  0
 8    -0.000000    -0.000000     0.000000     0.000000  0
 9    -0.008212     0.007336     0.000000     0.000000  0
10    -0.000353     0.005951     0.000000     0.000000  0
11    -0.000037    -0.002915     0.000000     0.000000  0
12    -0.005166     0.002610     0.000000     0.000000  0
13     0.004730     0.006057     0.000000     0.000000  0
14     0.002560    -0.001474     0.000000     0.000000  0
15     0.002007     0.007673     0.000000     0.000000  0
16    -0.002596    -0.001719     0.000000     0.000000  0
17     0.005081     0.003047     0.000000     0.000000  0
18     0.007668     0.001698     0.000000     0.000000  0
19     0.004585     0.009014     0.000000     0.000000  0
20     0.002592    -0.004426     0.000000     0.000000  0
21    -0.003084     0.007461     0.000000     0.000000  0
22    -0.005319    -0.003071     0.000000     0.000000  0
23    -0.007918     0.004122     0.000000     0.000000  0
24     0.007499     0.004732     0.000000     0.000000  0
25    -0.002455    -0.004538     0.000000     0.000000  0
26    -0.003083     0.010394     0.000000     0.000000  0
27    -0.007778     0.001126     0.000000     0.000000  0
28     0.010126    -0.002542     0.000000     0.000000  0
29     0.002084     0.010549     0.000000     0.000000  0
30     0.009777     0.009231     0.000000     0.000000  0
31     0.000350    -0.008902     0.000000     0.000000  0
32    -0.010312    -0.003241     0.000000     0.000000  0
33    -0.000547     0.014685     0.000000     0.000000  0
34    -0.010709     0.008472     0.000000     0.000000  0
35     0.007657    -0.004111     0.000000     0.000000  0
36    -0.002390    -0.007298     0.000000     0.000000  0
37    -0.010327    -0.000475     0.000000     0.000000  0
38     0.001979     0.013378     0.000000     0.000000  0
39     0.010162     0.003277     0.000000     0.000000  0
40    -0.005018    -0.006166     0.000000     0.000000  0
41    -0.010378     0.002491     0.000000     0.000000  0
42     0.010154     0.000383     0.000000     0.000000  0
43     0.004606     0.012024     0.000000     0.000000  0
44    -0.007691    -0.004726     0.000000     0.000000  0
45    -0.010526     0.005436     0.000000     0.000000  0
46     0.007141     0.010781     0.000000     0.000000  0
47     0.002632    -0.007151     0.000000     0.000000  0
48     0.012748    -0.003714     0.000000     0.000000  0
49     0.000256    -0.011945     0.000000     0.000000  0
50    -0.012593    -0.004823     0.000000     0.000000  0
51    -0.013255     0.009967     0.000000     0.000000  0
52    -0.003177     0.013332     0.000000     0.000000  0
53    -0.000884     0.017602     0.000000     0.000000  0
54     0.012273     0.010887     0.000000     0.000000  0
55     0.010361    -0.005762     0.000000     0.000000  0
56    -0.002211    -0.009993     0.000000     0.000000  0
57    -0.010732     0.011376     0.000000     0.000000  0
58     0.001796     0.016382     0.000000     0.000000  0
59     0.012295     0.007898     0.000000     0.000000  0
60     0.007842    -0.006821     0.000000     0.000000  0
61    -0.012837     0.001024     0.000000     0.000000  0
62    -0.008278     0.013089     0.000000     0.000000  0
63     0.004481     0.014930     0.000000     0.000000  0
64     0.012549     0.004916     0.000000     0.000000  0
65     0.005461    -0.008753     0.000000     0.000000  0
66    -0.007522    -0.007306     0.000000     0.000000  0
67    -0.012965     0.003986     0.000000     0.000000  0
68    -0.005819     0.014480     0.000000     0.000000  0
69     0.007083     0.013502     0.000000     0.000000  0
70     0.002866    -0.009969     0.000000     0.000000  0
71    -0.010112    -0.006248     0.000000     0.000000  0
72    -0.013300     0.007151     0.000000     0.000000  0
73     0.009611     0.012156     0.000000     0.000000  0
74     0.012723    -0.000879     0.000000     0.000000  0
75     0.000383    -0.014598     0.000000     0.000000  0
76    -0.015840     0.011192     0.000000     0.000000  0
77    -0.000865     0.020502     0.000000     0.000000  0
78    -0.000874     0.020492     0.000000     0.000000  0
79     0.014758     0.012225     0.000000     0.000000  0
80     0.015399    -0.005506     0.000000     0.000000  0
81    -0.013330     0.012967     0.000000     0.000000  0
82     0.014814     0.009227     0.000000     0.000000  0
83     0.001678     0.019256     0.000000     0.000000  0
84     0.012887    -0.006692     0.000000     0.000000  0
85     0.012887    -0.006692     0.000000     0.000000  0
86    -0.015421    -0.000694     0.000000     0.000000  0
87    -0.010846     0.014227     0.000000     0.000000  0
88     0.014882     0.006359     0.000000     0.000000  0
89    -0.007322    -0.010293     0.000000     0.000000  0
90     0.004256     0.017766     0.000000     0.000000  0
91    -0.008458     0.016113     0.000000     0.000000  0
92     0.015254     0.003445     0.000000     0.000000  0
93     0.015211     0.003623     0.000000     0.000000  0
94     0.007937    -0.009894     0.000000     0.000000  0
95    -0.015649     0.005266     0.000000     0.000000  0
96     0.015303     0.000652     0.000000     0.000000  0
97    -0.006042     0.017438     0.000000     0.000000  0
98     0.009536     0.014995     0.000000     0.000000  0
99     0.005332    -0.011433     0.000000     0.000000  0
100    -0.015856     0.008267     0.000000     0.000000  0
101    -0.003485     0.019041     0.000000     0.000000  0
102     0.012212     0.013627     0.000000     0.000000  0
103     0.012177     0.013609     0.000000     0.000000  0
104     0.015252    -0.002330     0.000000     0.000000  0
105    -0.017811    -0.004978     0.000000     0.000000  0
106     0.001601     0.022052     0.000000     0.000000  0
107     0.015548    -0.008168     0.000000     0.000000  0
108     0.017138     0.010804     0.000000     0.000000  0
109    -0.017930    -0.002011     0.000000     0.000000  0
110    -0.002309    -0.015981     0.000000     0.000000  0
111    -0.013478     0.015764     0.000000     0.000000  0
112     0.013093    -0.009626     0.000000     0.000000  0
113     0.013093    -0.009626     0.000000     0.000000  0
114    -0.004777    -0.014761     0.000000     0.000000  0
115     0.006691     0.019293     0.000000     0.000000  0
116     0.017376     0.005077     0.000000     0.000000  0
117     0.010456    -0.011344     0.000000     0.000000  0
118    -0.007363    -0.013181     0.000000     0.000000  0
119    -0.018004     0.003809     0.000000     0.000000  0
120     0.009297     0.017801     0.000000     0.000000  0
121     0.017726     0.002188     0.000000     0.000000  0
122     0.007935    -0.012725     0.000000     0.000000  0
123    -0.009901    -0.011843     0.000000     0.000000  0
124    -0.018365     0.006952     0.000000     0.000000  0
125    -0.015940     0.013992     0.000000     0.000000  0
126     0.011918     0.016623     0.000000     0.000000  0
127     0.005424    -0.014367     0.000000     0.000000  0
128    -0.012387    -0.010357     0.000000     0.000000  0
129    -0.018365     0.009779     0.000000     0.000000  0
130    -0.003542     0.021900     0.000000     0.000000  0
131    -0.003542     0.021900     0.000000     0.000000  0
132     0.014665     0.015103     0.000000     0.000000  0
133    -0.015067    -0.009504     0.000000     0.000000  0
134    -0.018475     0.012653     0.000000     0.000000  0
135    -0.000890     0.023245     0.000000     0.000000  0
136     0.017141     0.013677     0.000000     0.000000  0
137     0.017793    -0.006797     0.000000     0.000000  0
138     0.000118    -0.017461     0.000000     0.000000  0
139    -0.017729    -0.007616     0.000000     0.000000  0
140    -0.020936     0.013790     0.000000     0.000000  0
141     0.019579     0.015117     0.000000     0.000000  0
142     0.020430    -0.008076     0.000000     0.000000  0
143    -0.019974    -0.009551     0.000000     0.000000  0
144    -0.018510     0.015592     0.000000     0.000000  0
145    -0.018510     0.015592     0.000000     0.000000  0
146    -0.020174    -0.006447     0.000000     0.000000  0
147    -0.016130     0.016950     0.000000     0.000000  0
148     0.004203     0.023459     0.000000     0.000000  0
149     0.019722     0.009174     0.000000     0.000000  0
150    -0.005080    -0.017607     0.000000     0.000000  0
151     0.015511    -0.011104     0.000000     0.000000  0
152    -0.013599     0.018752     0.000000     0.000000  0
153     0.006680     0.022260     0.000000     0.000000  0
154    -0.007504    -0.016101     0.000000     0.000000  0
155    -0.007504    -0.016101     0.000000     0.000000  0
156    -0.011028     0.020065     0.000000     0.000000  0
157     0.009238     0.020732     0.000000     0.000000  0
158     0.010499    -0.014239     0.000000     0.000000  0
159     0.020156     0.003328     0.000000     0.000000  0
160    -0.009833    -0.014944     0.000000     0.000000  0
161    -0.020468     0.002069     0.000000     0.000000  0
162    -0.008596     0.021826     0.000000     0.000000  0
163     0.011868     0.019406     0.000000     0.000000  0
164     0.020291     0.000556     0.000000     0.000000  0
165    -0.012314    -0.013562     0.000000     0.000000  0
166    -0.012314    -0.013562     0.000000     0.000000  0
167    -0.020634     0.005083     0.000000     0.000000  0
168    -0.006038     0.023162     0.000000     0.000000  0
169     0.014349     0.017945     0.000000     0.000000  0
170     0.014349     0.017945     0.000000     0.000000  0
171     0.014349     0.017945     0.000000     0.000000  0
172    -0.014918    -0.012113     0.000000     0.000000  0
173    -0.020849     0.008067     0.000000     0.000000  0
174     0.016917     0.016682     0.000000     0.000000  0
175    -0.003764     0.024721     0.000000     0.000000  0
176     0.002643    -0.018606     0.000000     0.000000  0
177    -0.017536    -0.010466     0.000000     0.000000  0
178    -0.017536    -0.010466     0.000000     0.000000  0
179    -0.020874     0.011023     0.000000     0.000000  0
180    -0.001208     0.029159     0.000000     0.000000  0
181     0.021908     0.016819     0.000000     0.000000  0
182     0.023016    -0.009246     0.000000     0.000000  0
183    -0.022483    -0.010706     0.000000     0.000000  0
184    -0.023398     0.015386     0.000000     0.000000  0
185     0.022254     0.013776     0.000000     0.000000  0
186     0.001272     0.028158     0.000000     0.000000  0
187     0.020345    -0.011011     0.000000     0.000000  0
188     0.020345    -0.011011     0.000000     0.000000  0
189     0.017956    -0.012403     0.000000     0.000000  0
190     0.022170     0.011191     0.000000     0.000000  0
191    -0.004797    -0.020370     0.000000     0.000000  0
192    -0.022734    -0.005236     0.000000     0.000000  0
193     0.015481    -0.013956     0.000000     0.000000  0
194     0.022246     0.008128     0.000000     0.000000  0
195    -0.018565     0.018432     0.000000     0.000000  0
196    -0.007523    -0.019063     0.000000     0.000000  0
197     0.006496     0.025129     0.000000     0.000000  0
198    -0.022887    -0.002167     0.000000     0.000000  0
199    -0.016117     0.019916     0.000000     0.000000  0
200     0.012986    -0.015342     0.000000     0.000000  0
201     0.009354     0.023462     0.000000     0.000000  0
202    -0.022937     0.000826     0.000000     0.000000  0
203     0.022429     0.005316     0.000000     0.000000  0
204     0.011906     0.022538     0.000000     0.000000  0
205    -0.012510    -0.016299     0.000000     0.000000  0
206     0.022818     0.002378     0.000000     0.000000  0
207    -0.022972     0.003637     0.000000     0.000000  0
208     0.010291    -0.017054     0.000000     0.000000  0
209    -0.011018     0.022957     0.000000     0.000000  0
210    -0.011018     0.022957     0.000000     0.000000  0
211     0.022749    -0.000490     0.000000     0.000000  0
212     0.022749    -0.000490     0.000000     0.000000  0
213     0.014328     0.020842     0.000000     0.000000  0
214    -0.023332     0.006679     0.000000     0.000000  0
215    -0.008624     0.024605     0.000000     0.000000  0
216    -0.008624     0.024605     0.000000     0.000000  0
217    -0.017471    -0.013561     0.000000     0.000000  0
218     0.022682    -0.003421     0.000000     0.000000  0
219    -0.010143    -0.017818     0.000000     0.000000  0
220     0.005344    -0.020133     0.000000     0.000000  0
221    -0.006394     0.026036     0.000000     0.000000  0
222    -0.023429     0.009565     0.000000     0.000000  0
223     0.002916    -0.021387     0.000000     0.000000  0
224    -0.020003    -0.012330     0.000000     0.000000  0
225     0.022768    -0.006353     0.000000     0.000000  0
226     0.019346     0.017773     0.000000     0.000000  0
227    -0.023444     0.012543     0.000000     0.000000  0
228     0.003096    -0.024443     0.000000     0.000000  0
229     0.021876     0.019659     0.000000     0.000000  0
230     0.025261    -0.007661     0.000000     0.000000  0
231    -0.003951     0.030706     0.000000     0.000000  0
232    -0.003951     0.030706     0.000000     0.000000  0
233    -0.003951     0.030706     0.000000     0.000000  0
234    -0.003951     0.030706     0.000000     0.000000  0
235    -0.019963    -0.015357     0.000000     0.000000  0
236     0.025246    -0.005216     0.000000     0.000000  0
237    -0.006337     0.028928     0.000000     0.000000  0
238    -0.006337     0.028928     0.000000     0.000000  0
239    -0.006337     0.028928     0.000000     0.000000  0
240     0.007916    -0.021044     0.000000     0.000000  0
241    -0.017623    -0.016541     0.000000     0.000000  0
242    -0.008867     0.027686     0.000000     0.000000  0
243    -0.008867     0.027686     0.000000     0.000000  0
244    -0.008867     0.027686     0.000000     0.000000  0
245    -0.015336    -0.017864     0.000000     0.000000  0
246    -0.015336    -0.017864     0.000000     0.000000  0
247    -0.015336    -0.017864     0.000000     0.000000  0
248    -0.015336    -0.017864     0.000000     0.000000  0
249     0.040339     0.040408     0.000000     0.000000  1
250     0.040339     0.040408     0.000000     0.000000  1
251     0.040339     0.040408     0.000000     0.000000  1
252     0.044381     0.031588     0.000000     0.000000  1
253     0.044381     0.031588     0.000000     0.000000  1
254     0.043299     0.031573     0.000000     0.000000  1
255     0.043299     0.031573     0.000000     0.000000  1
256     0.043299     0.031573     0.000000     0.000000  1
257     0.043299     0.031573     0.000000     0.000000  1
258     0.043299     0.031573     0.000000     0.000000  1
259     0.043299     0.031573     0.000000     0.000000  1
260     0.043299     0.031573     0.000000     0.000000  1
261    -0.018326     0.020949     0.000000     0.000000  0
262    -0.018326     0.020949     0.000000     0.000000  0
263     0.024594     0.012397     0.000000     0.000000  0
264    -0.025127    -0.006589     0.000000     0.000000  0
265    -0.021089     0.019468     0.000000     0.000000  0
266     0.001078     0.031176     0.000000     0.000000  0
267     0.022885    -0.011978     0.000000     0.000000  0
268     0.024438     0.015370     0.000000     0.000000  0
269    -0.024975    -0.009729     0.000000     0.000000  0
270    -0.024975    -0.009729     0.000000     0.000000  0
271    -0.024975    -0.009729     0.000000     0.000000  0
272    -0.024975    -0.009729     0.000000     0.000000  0
273     0.024391     0.018547     0.000000     0.000000  0
274     0.024391     0.018547     0.000000     0.000000  0
275    -0.004173     0.033843     0.000000     0.000000  1
276     0.019395     0.023534     0.000000     0.000000  0
277     0.027539    -0.003642     0.000000     0.000000  0
278    -0.025136    -0.015445     0.000000     0.000000  0
279     0.029486     0.012296     0.000000     0.000000  0
280    -0.028313     0.009484     0.000000     0.000000  0
281     0.005497    -0.025742     0.000000     0.000000  0
282    -0.006574     0.032136     0.000000     0.000000  1
283     0.016577     0.025380     0.000000     0.000000  0
284    -0.028314     0.006541     0.000000     0.000000  0
285     0.008182    -0.024126     0.000000     0.000000  0
286     0.008182    -0.024126     0.000000     0.000000  0
287     0.008182    -0.024126     0.000000     0.000000  0
288     0.008182    -0.024126     0.000000     0.000000  0
289     0.008182    -0.024126     0.000000     0.000000  0
290     0.008182    -0.024126     0.000000     0.000000  0
291     0.008182    -0.024126     0.000000     0.000000  0
292     0.008182    -0.024126     0.000000     0.000000  0
293     0.027127     0.005532     0.000000     0.000000  0
294     0.027127     0.005532     0.000000     0.000000  0
295     0.012951    -0.020891     0.000000     0.000000  0
296     0.012951    -0.020891     0.000000     0.000000  0
297    -0.013927     0.027596     0.000000     0.000000  0
298    -0.013927     0.027596     0.000000     0.000000  0
299    -0.013927     0.027596     0.000000     0.000000  0
300    -0.027873    -0.002128     0.000000     0.000000  0
301     0.015280    -0.019601     0.000000     0.000000  0
302     0.015280    -0.019601     0.000000     0.000000  0
303    -0.016328     0.025567     0.000000     0.000000  0
304    -0.016328     0.025567     0.000000     0.000000  0
305     0.017625    -0.018031     0.000000     0.000000  0
306    -0.018649     0.024139     0.000000     0.000000  0
307    -0.018649     0.024139     0.000000     0.000000  0
308     0.003552     0.032356     0.000000     0.000000  1
309     0.003552     0.032356     0.000000     0.000000  1
310     0.003552     0.032356     0.000000     0.000000  1
311     0.020424    -0.016886     0.000000     0.000000  0
312     0.010748    -0.025989     0.000000     0.000000  0
313     0.010748    -0.025989     0.000000     0.000000  0
314    -0.019853    -0.021191     0.000000     0.000000  0
315    -0.019853    -0.021191     0.000000     0.000000  0
316    -0.017576    -0.022765     0.000000     0.000000  0
317    -0.011587     0.031836     0.000000     0.000000  1
318    -0.030746     0.004710     0.000000     0.000000  0
319     0.015447    -0.022442     0.000000     0.000000  0
320     0.015447    -0.022442     0.000000     0.000000  0
321     0.015447    -0.022442     0.000000     0.000000  0
322     0.015447    -0.022442     0.000000     0.000000  0
323     0.015447    -0.022442     0.000000     0.000000  0
324     0.015447    -0.022442     0.000000     0.000000  0
325     0.015447    -0.022442     0.000000     0.000000  0
326     0.015447    -0.022442     0.000000     0.000000  0
327     0.015447    -0.022442     0.000000     0.000000  0
328     0.015447    -0.022442     0.000000     0.000000  0
329     0.020469    -0.020017     0.000000     0.000000  0
330     0.020469    -0.020017     0.000000     0.000000  0
331     0.020469    -0.020017     0.000000     0.000000  0
332     0.020469    -0.020017     0.000000     0.000000  0
333     0.020469    -0.020017     0.000000     0.000000  0
334     0.020469    -0.020017     0.000000     0.000000  0
335     0.029798     0.009112     0.000000     0.000000  0
336    -0.022531    -0.020030     0.000000     0.000000  0
337    -0.022531    -0.020030     0.000000     0.000000  0
338    -0.022531    -0.020030     0.000000     0.000000  0
339    -0.022531    -0.020030     0.000000     0.000000  0
