# Feed list created: Dec 15 17:04:13 2024
# nfeeds: 315
# Col.1: id
# Col.2: lon-offset (deg)
# Col.3: lat-offset (deg)
# Col.4: Tcal pol1 (Kelvin)
# Col.5: Tcal pol2 (Kelvin)
# Col.6: flag (0=>Ok, 1=>bad)
# chp8 az_off (deg): 0.0005838888889
# chp8 el_off (deg): -0.003683333333
 0     0.007618    -0.001388     0.000000     0.000000  0
 1    -0.005722     0.005720     0.000000     0.000000  0
 2     0.002451     0.001498     0.000000     0.000000  0
 3     0.007196     0.007703     0.000000     0.000000  0
 4    -0.000759     0.011683     0.000000     0.000000  0
 5     0.002049     0.004474     0.000000     0.000000  0
 6     0.000271    -0.005957     0.000000     0.000000  0
 7    -0.007880    -0.001912     0.000000     0.000000  0
 8    -0.000000    -0.000000     0.000000     0.000000  0
 9    -0.008273     0.007131     0.000000     0.000000  0
10    -0.000528     0.005916     0.000000     0.000000  0
11     0.000109    -0.002986     0.000000     0.000000  0
12     0.004479     0.005939     0.000000     0.000000  0
13     0.004479     0.005939     0.000000     0.000000  0
14     0.002523    -0.001585     0.000000     0.000000  0
15     0.002069     0.007473     0.000000     0.000000  0
16    -0.002633    -0.001707     0.000000     0.000000  0
17     0.004838     0.002777     0.000000     0.000000  0
18     0.007462     0.001693     0.000000     0.000000  0
19     0.004510     0.008791     0.000000     0.000000  0
20     0.002767    -0.004306     0.000000     0.000000  0
21    -0.003051     0.007391     0.000000     0.000000  0
22    -0.005121    -0.003278     0.000000     0.000000  0
23    -0.008219     0.004184     0.000000     0.000000  0
24     0.007223     0.004707     0.000000     0.000000  0
25    -0.002307    -0.004427     0.000000     0.000000  0
26    -0.003233     0.010148     0.000000     0.000000  0
27    -0.007911     0.001099     0.000000     0.000000  0
28     0.010240    -0.002704     0.000000     0.000000  0
29     0.001811     0.010294     0.000000     0.000000  0
30     0.009697     0.009115     0.000000     0.000000  0
31     0.000096    -0.008709     0.000000     0.000000  0
32    -0.010135    -0.003285     0.000000     0.000000  0
33    -0.000686     0.014754     0.000000     0.000000  0
34    -0.010741     0.008319     0.000000     0.000000  0
35     0.007888    -0.004199     0.000000     0.000000  0
36    -0.002271    -0.007274     0.000000     0.000000  0
37    -0.010366    -0.000341     0.000000     0.000000  0
38     0.001835     0.013253     0.000000     0.000000  0
39     0.009878     0.003144     0.000000     0.000000  0
40    -0.004896    -0.006266     0.000000     0.000000  0
41    -0.010592     0.002531     0.000000     0.000000  0
42     0.010301     0.000286     0.000000     0.000000  0
43     0.004296     0.011799     0.000000     0.000000  0
44    -0.007518    -0.004792     0.000000     0.000000  0
45    -0.010740     0.005544     0.000000     0.000000  0
46     0.006961     0.010456     0.000000     0.000000  0
47     0.002771    -0.007263     0.000000     0.000000  0
48     0.012886    -0.003664     0.000000     0.000000  0
49     0.000488    -0.011684     0.000000     0.000000  0
50    -0.012508    -0.004724     0.000000     0.000000  0
51    -0.013419     0.009831     0.000000     0.000000  0
52    -0.003365     0.013081     0.000000     0.000000  0
53    -0.000858     0.017766     0.000000     0.000000  0
54     0.012078     0.010696     0.000000     0.000000  0
55     0.010591    -0.005568     0.000000     0.000000  0
56    -0.002297    -0.010182     0.000000     0.000000  0
57    -0.011065     0.011323     0.000000     0.000000  0
58     0.001776     0.016303     0.000000     0.000000  0
59     0.012342     0.007917     0.000000     0.000000  0
60     0.008091    -0.007153     0.000000     0.000000  0
61    -0.012973     0.001063     0.000000     0.000000  0
62    -0.008537     0.012927     0.000000     0.000000  0
63     0.004403     0.014734     0.000000     0.000000  0
64     0.012162     0.004959     0.000000     0.000000  0
65     0.005397    -0.008714     0.000000     0.000000  0
66    -0.007573    -0.007597     0.000000     0.000000  0
67    -0.013260     0.004116     0.000000     0.000000  0
68    -0.005951     0.014307     0.000000     0.000000  0
69     0.006898     0.013470     0.000000     0.000000  0
70     0.002861    -0.010007     0.000000     0.000000  0
71    -0.009947    -0.006301     0.000000     0.000000  0
72    -0.013302     0.007136     0.000000     0.000000  0
73     0.070527     0.074794     0.000000     0.000000  1
74     0.070527     0.074794     0.000000     0.000000  1
75     0.012804    -0.000941     0.000000     0.000000  0
76     0.000361    -0.014663     0.000000     0.000000  0
77    -0.016128     0.011053     0.000000     0.000000  0
78     0.070527     0.074794     0.000000     0.000000  1
79     0.070527     0.074794     0.000000     0.000000  1
80     0.014410     0.012041     0.000000     0.000000  0
81     0.015560    -0.005626     0.000000     0.000000  0
82    -0.013642     0.012742     0.000000     0.000000  0
83     0.014700     0.009228     0.000000     0.000000  0
84     0.001465     0.019276     0.000000     0.000000  0
85     0.013149    -0.006780     0.000000     0.000000  0
86    -0.004714    -0.011757     0.000000     0.000000  0
87    -0.015398    -0.000568     0.000000     0.000000  0
88    -0.010984     0.014322     0.000000     0.000000  0
89     0.014590     0.006199     0.000000     0.000000  0
90    -0.007406    -0.010350     0.000000     0.000000  0
91     0.004166     0.017802     0.000000     0.000000  0
92    -0.008466     0.015982     0.000000     0.000000  0
93     0.070527     0.074794     0.000000     0.000000  1
94     0.070527     0.074794     0.000000     0.000000  1
95     0.007976    -0.010073     0.000000     0.000000  0
96    -0.015875     0.005343     0.000000     0.000000  0
97     0.015299     0.000218     0.000000     0.000000  0
98    -0.006027     0.017520     0.000000     0.000000  0
99     0.009541     0.014853     0.000000     0.000000  0
100     0.005588    -0.011452     0.000000     0.000000  0
101    -0.015825     0.008208     0.000000     0.000000  0
102    -0.003606     0.019261     0.000000     0.000000  0
103    -0.029094     0.043455     0.000000     0.000000  1
104     0.011993     0.013617     0.000000     0.000000  0
105     0.015162    -0.002702     0.000000     0.000000  0
106    -0.017656    -0.004963     0.000000     0.000000  0
107     0.001267     0.022347     0.000000     0.000000  0
108     0.015542    -0.008196     0.000000     0.000000  0
109     0.016916     0.010521     0.000000     0.000000  0
110    -0.018017    -0.002167     0.000000     0.000000  0
111    -0.002439    -0.016017     0.000000     0.000000  0
112    -0.013537     0.015926     0.000000     0.000000  0
113     0.070527     0.074794     0.000000     0.000000  1
114     0.070527     0.074794     0.000000     0.000000  1
115     0.017266     0.007834     0.000000     0.000000  0
116    -0.004815    -0.014811     0.000000     0.000000  0
117     0.006584     0.019363     0.000000     0.000000  0
118     0.017176     0.004753     0.000000     0.000000  0
119     0.010800    -0.011223     0.000000     0.000000  0
120    -0.007263    -0.013534     0.000000     0.000000  0
121    -0.018292     0.003912     0.000000     0.000000  0
122     0.009338     0.017881     0.000000     0.000000  0
123     0.017493     0.001872     0.000000     0.000000  0
124     0.008135    -0.012944     0.000000     0.000000  0
125    -0.009827    -0.012393     0.000000     0.000000  0
126    -0.018417     0.006987     0.000000     0.000000  0
127    -0.016058     0.013992     0.000000     0.000000  0
128     0.011864     0.016557     0.000000     0.000000  0
129     0.005504    -0.014495     0.000000     0.000000  0
130    -0.012407    -0.010447     0.000000     0.000000  0
131    -0.018513     0.009661     0.000000     0.000000  0
132    -0.003960     0.022114     0.000000     0.000000  0
133     0.017758    -0.003801     0.000000     0.000000  0
134     0.014627     0.014951     0.000000     0.000000  0
135    -0.015069    -0.009411     0.000000     0.000000  0
136    -0.018683     0.012523     0.000000     0.000000  0
137    -0.001025     0.023547     0.000000     0.000000  0
138     0.017026     0.013611     0.000000     0.000000  0
139     0.018087    -0.006786     0.000000     0.000000  0
140     0.000493    -0.017761     0.000000     0.000000  0
141    -0.017764    -0.007737     0.000000     0.000000  0
142    -0.021074     0.013826     0.000000     0.000000  0
143     0.019534     0.015002     0.000000     0.000000  0
144     0.020565    -0.008067     0.000000     0.000000  0
145    -0.020080    -0.009422     0.000000     0.000000  0
146    -0.018525     0.015722     0.000000     0.000000  0
147     0.017952    -0.009635     0.000000     0.000000  0
148    -0.020133    -0.006507     0.000000     0.000000  0
149    -0.016104     0.017079     0.000000     0.000000  0
150     0.004060     0.023405     0.000000     0.000000  0
151     0.019586     0.009203     0.000000     0.000000  0
152    -0.004714    -0.018029     0.000000     0.000000  0
153     0.015784    -0.011217     0.000000     0.000000  0
154    -0.013635     0.018861     0.000000     0.000000  0
155     0.006271     0.022360     0.000000     0.000000  0
156    -0.007514    -0.016260     0.000000     0.000000  0
157     0.019640     0.006178     0.000000     0.000000  0
158    -0.011427     0.020359     0.000000     0.000000  0
159     0.008845     0.020819     0.000000     0.000000  0
160     0.010652    -0.014458     0.000000     0.000000  0
161     0.019868     0.003337     0.000000     0.000000  0
162    -0.009974    -0.015070     0.000000     0.000000  0
163    -0.020684     0.002279     0.000000     0.000000  0
164    -0.008997     0.021947     0.000000     0.000000  0
165     0.011654     0.019596     0.000000     0.000000  0
166     0.020253     0.000342     0.000000     0.000000  0
167     0.007982    -0.015777     0.000000     0.000000  0
168     0.007982    -0.015766     0.000000     0.000000  0
169    -0.020868     0.005119     0.000000     0.000000  0
170    -0.006198     0.023131     0.000000     0.000000  0
171    -0.031982     0.040339     0.000000     0.000000  1
172     0.070527     0.074794     0.000000     0.000000  1
173     0.070527     0.074794     0.000000     0.000000  1
174    -0.014772    -0.012313     0.000000     0.000000  0
175    -0.020862     0.008013     0.000000     0.000000  0
176     0.016942     0.016541     0.000000     0.000000  0
177    -0.003369     0.024920     0.000000     0.000000  0
178     0.003130    -0.018421     0.000000     0.000000  0
179    -0.017539    -0.010681     0.000000     0.000000  0
180     0.020473    -0.005156     0.000000     0.000000  0
181    -0.034784     0.049674     0.000000     0.000000  1
182    -0.001136     0.028815     0.000000     0.000000  0
183     0.021809     0.016584     0.000000     0.000000  0
184    -0.044484     0.039748     0.000000     0.000000  1
185    -0.022527    -0.010700     0.000000     0.000000  0
186    -0.023358     0.015426     0.000000     0.000000  0
187     0.021931     0.013857     0.000000     0.000000  0
188     0.001439     0.027947     0.000000     0.000000  0
189     0.070527     0.074794     0.000000     0.000000  1
190     0.070527     0.074794     0.000000     0.000000  1
191    -0.021134     0.016905     0.000000     0.000000  0
192    -0.042712     0.044896     0.000000     0.000000  1
193     0.022013     0.010928     0.000000     0.000000  0
194    -0.004396    -0.020922     0.000000     0.000000  0
195    -0.022561    -0.005028     0.000000     0.000000  0
196    -0.042882     0.044696     0.000000     0.000000  1
197     0.022322     0.008181     0.000000     0.000000  0
198    -0.018827     0.018797     0.000000     0.000000  0
199    -0.007126    -0.019106     0.000000     0.000000  0
200     0.006784     0.025123     0.000000     0.000000  0
201    -0.022913    -0.002227     0.000000     0.000000  0
202    -0.016495     0.020116     0.000000     0.000000  0
203     0.013018    -0.015514     0.000000     0.000000  0
204     0.009158     0.023668     0.000000     0.000000  0
205    -0.023035     0.000785     0.000000     0.000000  0
206     0.022091     0.005349     0.000000     0.000000  0
207     0.011465     0.022569     0.000000     0.000000  0
208    -0.012596    -0.016556     0.000000     0.000000  0
209    -0.042899     0.044800     0.000000     0.000000  1
210    -0.023282     0.003893     0.000000     0.000000  0
211     0.010614    -0.017233     0.000000     0.000000  0
212    -0.011193     0.023203     0.000000     0.000000  0
213    -0.043900     0.039942     0.000000     0.000000  1
214     0.022810    -0.000662     0.000000     0.000000  0
215     0.008076    -0.018751     0.000000     0.000000  0
216     0.013857     0.020981     0.000000     0.000000  0
217    -0.023364     0.006837     0.000000     0.000000  0
218    -0.042356     0.044726     0.000000     0.000000  1
219     0.016551     0.019563     0.000000     0.000000  0
220    -0.044278     0.039853     0.000000     0.000000  1
221     0.022782    -0.003468     0.000000     0.000000  0
222    -0.009787    -0.017874     0.000000     0.000000  0
223     0.005771    -0.020633     0.000000     0.000000  0
224    -0.005974     0.025913     0.000000     0.000000  0
225    -0.023399     0.009494     0.000000     0.000000  0
226     0.003409    -0.021712     0.000000     0.000000  0
227    -0.019749    -0.012512     0.000000     0.000000  0
228     0.023009    -0.005922     0.000000     0.000000  0
229     0.019362     0.018107     0.000000     0.000000  0
230    -0.023659     0.012363     0.000000     0.000000  0
231     0.003219    -0.024576     0.000000     0.000000  0
232    -0.042699     0.044733     0.000000     0.000000  1
233     0.025481    -0.007757     0.000000     0.000000  0
234    -0.043807     0.040000     0.000000     0.000000  1
235    -0.026003     0.013543     0.000000     0.000000  0
236    -0.042986     0.044792     0.000000     0.000000  1
237     0.018839     0.020836     0.000000     0.000000  0
238    -0.041167     0.040105     0.000000     0.000000  1
239    -0.033640     0.040056     0.000000     0.000000  1
240    -0.006239     0.028581     0.000000     0.000000  0
241    -0.043724     0.039875     0.000000     0.000000  1
242    -0.043735     0.039878     0.000000     0.000000  1
243     0.008190    -0.021832     0.000000     0.000000  0
244    -0.043132     0.044749     0.000000     0.000000  1
245    -0.008732     0.027414     0.000000     0.000000  0
246     0.014202     0.023704     0.000000     0.000000  0
247    -0.041216     0.040127     0.000000     0.000000  1
248    -0.014803    -0.018156     0.000000     0.000000  0
249    -0.010984     0.025865     0.000000     0.000000  0
250    -0.043166     0.044722     0.000000     0.000000  1
251     0.011902     0.025345     0.000000     0.000000  0
252    -0.042183     0.044799     0.000000     0.000000  1
253     0.024932     0.003855     0.000000     0.000000  0
254    -0.043312     0.044644     0.000000     0.000000  1
255    -0.031719     0.040341     0.000000     0.000000  1
256    -0.043727     0.044808     0.000000     0.000000  1
257     0.070527     0.074794     0.000000     0.000000  1
258     0.070527     0.074794     0.000000     0.000000  1
259    -0.043457     0.040022     0.000000     0.000000  1
260     0.024615     0.009499     0.000000     0.000000  0
261    -0.042780     0.044819     0.000000     0.000000  1
262     0.017931    -0.015561     0.000000     0.000000  0
263    -0.043618     0.039962     0.000000     0.000000  1
264    -0.025120    -0.003733     0.000000     0.000000  0
265     0.020677    -0.013979     0.000000     0.000000  0
266    -0.040961     0.040155     0.000000     0.000000  1
267     0.024489     0.012329     0.000000     0.000000  0
268    -0.043813     0.039870     0.000000     0.000000  1
269    -0.021443     0.019910     0.000000     0.000000  0
270     0.000960     0.031014     0.000000     0.000000  0
271     0.023232    -0.012092     0.000000     0.000000  0
272    -0.044446     0.039865     0.000000     0.000000  1
273    -0.044437     0.039855     0.000000     0.000000  1
274    -0.023754     0.018622     0.000000     0.000000  0
275    -0.044121     0.039908     0.000000     0.000000  1
276    -0.041113     0.040174     0.000000     0.000000  1
277    -0.031578     0.040344     0.000000     0.000000  1
278    -0.040994     0.040228     0.000000     0.000000  1
279    -0.004322     0.033524     0.000000     0.000000  0
280     0.019326     0.023625     0.000000     0.000000  0
281    -0.043683     0.039871     0.000000     0.000000  1
282    -0.042046     0.044798     0.000000     0.000000  1
283     0.029325     0.012068     0.000000     0.000000  0
284    -0.044112     0.039877     0.000000     0.000000  1
285    -0.043549     0.044731     0.000000     0.000000  1
286    -0.043120     0.044677     0.000000     0.000000  1
287     0.027592    -0.000814     0.000000     0.000000  0
288    -0.041154     0.040178     0.000000     0.000000  1
289    -0.043557     0.044687     0.000000     0.000000  1
290    -0.043438     0.044745     0.000000     0.000000  1
291    -0.042899     0.044664     0.000000     0.000000  1
292    -0.042999     0.044847     0.000000     0.000000  1
293    -0.043166     0.044703     0.000000     0.000000  1
294    -0.041076     0.040213     0.000000     0.000000  1
295    -0.041020     0.040239     0.000000     0.000000  1
296    -0.043801     0.039948     0.000000     0.000000  1
297    -0.044112     0.039945     0.000000     0.000000  1
298    -0.042788     0.044692     0.000000     0.000000  1
299    -0.040849     0.040179     0.000000     0.000000  1
300    -0.041192     0.040167     0.000000     0.000000  1
301    -0.042934     0.044677     0.000000     0.000000  1
302    -0.042351     0.044719     0.000000     0.000000  1
303    -0.043284     0.044580     0.000000     0.000000  1
304    -0.043177     0.044740     0.000000     0.000000  1
305    -0.031766     0.040366     0.000000     0.000000  1
306    -0.045059     0.039882     0.000000     0.000000  1
307    -0.015899     0.025508     0.000000     0.000000  0
308    -0.043765     0.044702     0.000000     0.000000  1
309    -0.043869     0.039947     0.000000     0.000000  1
310    -0.018474     0.024253     0.000000     0.000000  0
311    -0.043786     0.039965     0.000000     0.000000  1
312    -0.043763     0.044689     0.000000     0.000000  1
313    -0.043229     0.044761     0.000000     0.000000  1
314    -0.031827     0.040345     0.000000     0.000000  1
