# Feed list created: May  3 00:54:01 2025
# nfeeds: 324
# Col.1: id
# Col.2: lon-offset (deg)
# Col.3: lat-offset (deg)
# Col.4: Tcal pol1 (Kelvin)
# Col.5: Tcal pol2 (Kelvin)
# Col.6: flag (0=>Ok, 1=>bad)
# Col. 7: peak (T antenna)
# chp8 az_off (deg): 0.007203888889
# chp8 el_off (deg): -0.007672222222
 0     0.007182    -0.005833     0.000000     0.000000  0     0.724201
 1    -0.005208    -0.000024     0.000000     0.000000  0     0.647277
 2     0.002409    -0.003511     0.000000     0.000000  0     0.829170
 3     0.000354     0.005042     0.000000     0.000000  0     0.739403
 4     0.002306    -0.000909     0.000000     0.000000  0     0.749424
 5    -0.008237    -0.006429     0.000000     0.000000  0     0.630242
 6    -0.000502    -0.005048     0.000000     0.000000  0     0.774768
 7    -0.007778     0.001142     0.000000     0.000000  0     0.666434
 8    -0.000000    -0.000000     0.000000     0.000000  0     0.873935
 9    -0.000665    -0.007264     0.000000     0.000000  0     0.812371
10     0.005077     0.000052     0.000000     0.000000  0     0.756544
11     0.001920    -0.006284     0.000000     0.000000  0     0.836380
12    -0.003201    -0.006404     0.000000     0.000000  0     0.821255
13     0.004922    -0.002373     0.000000     0.000000  0     0.823611
14     0.007503    -0.003286     0.000000     0.000000  0     0.892232
15     0.005165     0.002597     0.000000     0.000000  0     0.816440
16     0.001829    -0.008417     0.000000     0.000000  0     0.801169
17    -0.002552     0.000986     0.000000     0.000000  0     0.639022
18    -0.005622    -0.007522     0.000000     0.000000  0     0.767132
19    -0.007907    -0.001237     0.000000     0.000000  0     0.705919
20    -0.003380    -0.008452     0.000000     0.000000  0     0.803664
21    -0.002457     0.003934     0.000000     0.000000  1     0.509977
22     0.009637    -0.006697     0.000000     0.000000  0     0.726833
23     0.002758     0.003832     0.000000     0.000000  0     0.928777
24    -0.000922    -0.012137     0.000000     0.000000  0     1.117630
25    -0.010852    -0.007710     0.000000     0.000000  0     0.867080
26     0.000834     0.007771     0.000000     0.000000  0     0.744310
27    -0.010211     0.002178     0.000000     0.000000  0     0.728047
28     0.007168    -0.008171     0.000000     0.000000  0     0.714928
29    -0.010811    -0.005257     0.000000     0.000000  0     0.655125
30     0.003043     0.006390     0.000000     0.000000  0     0.701887
31     0.010304    -0.001933     0.000000     0.000000  0     0.929315
32    -0.005653    -0.009933     0.000000     0.000000  0     0.713065
33    -0.010573    -0.002717     0.000000     0.000000  0     0.787863
34    -0.046286     0.047245     0.000000     0.000000  1     0.425848
35     0.005491     0.005029     0.000000     0.000000  0     0.937466
36    -0.010412    -0.000346     0.000000     0.000000  0     0.975314
37    -0.013392    -0.008662     0.000000     0.000000  0     0.807569
38    -0.012542     0.003516     0.000000     0.000000  0     0.743055
39    -0.001915     0.006264     0.000000     0.000000  0     0.758328
40     0.000873     0.010110     0.000000     0.000000  0     0.661396
41     0.009893    -0.009468     0.000000     0.000000  0     0.725294
42    -0.003552    -0.013691     0.000000     0.000000  0     0.865609
43    -0.009947     0.004737     0.000000     0.000000  0     0.795464
44     0.003347     0.009002     0.000000     0.000000  0     0.730018
45     0.012757     0.001419     0.000000     0.000000  0     1.046040
46     0.007408    -0.010779     0.000000     0.000000  0     0.761730
47    -0.013057    -0.003872     0.000000     0.000000  0     0.657994
48    -0.007273     0.006061     0.000000     0.000000  0     0.826678
49     0.005807     0.007879     0.000000     0.000000  0     1.007730
50     0.012658    -0.000829     0.000000     0.000000  0     0.917980
51    -0.012924    -0.001496     0.000000     0.000000  0     0.619173
52    -0.004431     0.007562     0.000000     0.000000  0     0.696933
53     0.008316     0.006495     0.000000     0.000000  0     0.700227
54     0.041990    -0.035232     0.000000     0.000000  1     0.273222
55    -0.010847    -0.009929     0.000000     0.000000  0     1.331820
56    -0.012818     0.001036     0.000000     0.000000  0     0.672255
57     0.010707     0.005291     0.000000     0.000000  0     0.885049
58    -0.001577     0.008983     0.000000     0.000000  0     0.745434
59     0.012143    -0.005796     0.000000     0.000000  0     0.734337
60    -0.001024    -0.016478     0.000000     0.000000  0     0.901603
61    -0.015041     0.004824     0.000000     0.000000  0     0.699668
62    -0.003736    -0.015649     0.000000     0.000000  0     1.383010
63     0.000877     0.012485     0.000000     0.000000  0     0.700409
64     0.015594     0.005363     0.000000     0.000000  0     0.876815
65     0.014619    -0.009447     0.000000     0.000000  0     0.871137
66    -0.012298     0.006118     0.000000     0.000000  0     0.801622
67     0.015166     0.002406     0.000000     0.000000  0     1.097460
68     0.003381     0.011521     0.000000     0.000000  0     0.738283
69     0.012101    -0.010309     0.000000     0.000000  0     1.104830
70    -0.005844    -0.014200     0.000000     0.000000  0     1.009380
71    -0.015639    -0.005336     0.000000     0.000000  0     0.785839
72    -0.009548     0.007376     0.000000     0.000000  0     0.628784
73     0.014930     0.000003     0.000000     0.000000  0     0.802087
74    -0.046736     0.021258     0.000000     0.000000  1     0.304520
75     0.005951     0.010315     0.000000     0.000000  0     0.843964
76    -0.015462    -0.002900     0.000000     0.000000  0     0.683729
77    -0.041501     0.045635     0.000000     0.000000  1     1.501160
78    -0.006878     0.008739     0.000000     0.000000  0     0.926266
79     0.008568     0.009127     0.000000     0.000000  0     0.701543
80     0.006688    -0.013558     0.000000     0.000000  0     0.905889
81    -0.015444    -0.000377     0.000000     0.000000  0     0.690222
82     0.014975    -0.004908     0.000000     0.000000  0     0.930775
83    -0.004334     0.009995     0.000000     0.000000  0     0.779978
84     0.011061     0.008490     0.000000     0.000000  0     0.763731
85     0.004384    -0.014808     0.000000     0.000000  0     1.398050
86    -0.015342     0.002108     0.000000     0.000000  0     0.670205
87    -0.001721     0.011439     0.000000     0.000000  0     0.730938
88     0.013448     0.006732     0.000000     0.000000  0     0.875495
89     0.001447    -0.015719     0.000000     0.000000  0     1.021440
90     0.014647    -0.006662     0.000000     0.000000  0     0.893668
91    -0.018677    -0.008772     0.000000     0.000000  0     1.128850
92     0.003341     0.013951     0.000000     0.000000  0     0.897312
93     0.014585    -0.011492     0.000000     0.000000  0     0.625277
94    -0.018378    -0.006569     0.000000     0.000000  0     0.842612
95    -0.003683    -0.018017     0.000000     0.000000  0     0.691797
96    -0.011855     0.008780     0.000000     0.000000  0     0.713828
97     0.011702    -0.013033     0.000000     0.000000  0     1.147720
98     0.005758     0.012559     0.000000     0.000000  0     0.745093
99    -0.006286    -0.016916     0.000000     0.000000  0     1.116960
100     0.009184    -0.014776     0.000000     0.000000  0     1.120580
101    -0.050339     0.055583     0.000000     0.000000  1  1000.000000
102     0.008657     0.011642     0.000000     0.000000  0     0.808581
103    -0.008875    -0.015941     0.000000     0.000000  0     0.938406
104    -0.018024    -0.001817     0.000000     0.000000  0     0.712431
105    -0.051032    -0.035743     0.000000     0.000000  1     0.241236
106     0.011129     0.010342     0.000000     0.000000  0     0.811244
107     0.006559    -0.014998     0.000000     0.000000  0     0.960086
108    -0.017969     0.000837     0.000000     0.000000  0     0.809602
109    -0.014583     0.007125     0.000000     0.000000  0     0.712167
110     0.013633     0.009060     0.000000     0.000000  0     0.755500
111     0.003921    -0.016609     0.000000     0.000000  0     2.340820
112    -0.013768    -0.013666     0.000000     0.000000  0     0.751174
113    -0.017784     0.003201     0.000000     0.000000  0     1.160510
114    -0.001683     0.013768     0.000000     0.000000  0     0.777397
115     0.017313    -0.008041     0.000000     0.000000  0     0.788494
116     0.016092     0.007902     0.000000     0.000000  0     0.837838
117     0.001506    -0.017847     0.000000     0.000000  0     0.934554
118     0.004508     0.056422     0.000000     0.000000  1  1000.000000
119    -0.017348     0.005816     0.000000     0.000000  0     0.786535
120     0.000928     0.014928     0.000000     0.000000  0     0.780499
121     0.018284     0.006791     0.000000     0.000000  0     0.858590
122     0.017009    -0.010404     0.000000     0.000000  0     1.031270
123    -0.001356    -0.019342     0.000000     0.000000  0     1.378120
124    -0.019738     0.006913     0.000000     0.000000  0     0.787270
125     0.063907     0.078783     0.000000     0.000000  1     0.000000
126     0.063907     0.078783     0.000000     0.000000  1     0.000000
127     0.019719    -0.011603     0.000000     0.000000  0     0.931786
128     0.017821    -0.040325     0.000000     0.000000  1    -0.466241
129    -0.017011     0.008449     0.000000     0.000000  0     0.759909
130     0.016920    -0.012927     0.000000     0.000000  0     1.149270
131    -0.020917    -0.010228     0.000000     0.000000  0     0.950061
132    -0.014331     0.009682     0.000000     0.000000  0     0.873766
133     0.006057     0.014993     0.000000     0.000000  0     1.163310
134     0.020328     0.002991     0.000000     0.000000  0     0.990580
135     0.014298    -0.014337     0.000000     0.000000  0     1.667800
136    -0.006383    -0.019515     0.000000     0.000000  0     1.146020
137    -0.011839     0.011075     0.000000     0.000000  0     0.775099
138     0.008426     0.013687     0.000000     0.000000  0     0.743675
139     0.020319     0.000578     0.000000     0.000000  0     0.910557
140    -0.009253     0.012104     0.000000     0.000000  0     1.091460
141     0.008922    -0.016973     0.000000     0.000000  0     1.789290
142     0.011215     0.012519     0.000000     0.000000  0     1.405050
143    -0.011470    -0.017269     0.000000     0.000000  0     0.726700
144    -0.020398    -0.003031     0.000000     0.000000  0     0.674904
145    -0.006786     0.013571     0.000000     0.000000  0     0.768546
146     0.013557     0.011594     0.000000     0.000000  0     0.789666
147     0.019796    -0.004339     0.000000     0.000000  0     1.076470
148    -0.055483     0.024437     0.000000     0.000000  1   511.302000
149     0.006524    -0.017635     0.000000     0.000000  0     1.407490
150    -0.020557    -0.000627     0.000000     0.000000  0     0.687684
151    -0.004292     0.014669     0.000000     0.000000  0     0.834265
152     0.016095     0.010247     0.000000     0.000000  0     1.221180
153    -0.040199     0.020704     0.000000     0.000000  1  1000.000000
154     0.003877    -0.019255     0.000000     0.000000  0     1.034240
155    -0.016171    -0.014840     0.000000     0.000000  0     1.097050
156    -0.020459     0.001656     0.000000     0.000000  0     0.683417
157     0.018592     0.009291     0.000000     0.000000  0     0.868064
158    -0.001512     0.016306     0.000000     0.000000  0     0.831210
159     0.001130    -0.020237     0.000000     0.000000  0     1.471010
160    -0.018789    -0.013897     0.000000     0.000000  0     1.160490
161     0.019913    -0.009303     0.000000     0.000000  0     1.011710
162    -0.020057     0.004389     0.000000     0.000000  0     0.866674
163     0.001344     0.019727     0.000000     0.000000  0     0.843563
164     0.023604     0.009423     0.000000     0.000000  0     1.004510
165     0.024255     0.057451     0.000000     0.000000  1  1000.000000
166    -0.023922    -0.014059     0.000000     0.000000  0     0.838862
167    -0.021903     0.008369     0.000000     0.000000  0     0.742959
168     0.023386     0.006888     0.000000     0.000000  0     0.995249
169     0.003774     0.018749     0.000000     0.000000  0     0.687275
170    -0.051758     0.035081     0.000000     0.000000  1     6.549720
171     0.019307    -0.013964     0.000000     0.000000  0     0.779684
172    -0.019355     0.009440     0.000000     0.000000  0     0.817207
173     0.016626    -0.014752     0.000000     0.000000  0     2.529250
174     0.023086     0.004470     0.000000     0.000000  0     0.979930
175    -0.006666    -0.021618     0.000000     0.000000  0     0.971551
176    -0.023314    -0.009153     0.000000     0.000000  0     0.759113
177    -0.048390     0.051719     0.000000     0.000000  1    11.394200
178     0.022824     0.001969     0.000000     0.000000  0     0.929471
179    -0.016923     0.010889     0.000000     0.000000  0     0.922810
180    -0.009175    -0.020451     0.000000     0.000000  0     1.409520
181     0.008747     0.016462     0.000000     0.000000  0     0.408462
182    -0.014199     0.011997     0.000000     0.000000  0     0.813827
183     0.011523    -0.017261     0.000000     0.000000  0     0.990780
184     0.011156     0.015027     0.000000     0.000000  0     0.859412
185    -0.023229    -0.004129     0.000000     0.000000  0     0.916795
186    -0.049756     0.046572     0.000000     0.000000  1     1.680230
187     0.013429     0.014003     0.000000     0.000000  0     3.187270
188    -0.049258     0.038062     0.000000     0.000000  1     0.914363
189    -0.049459     0.037735     0.000000     0.000000  1     0.821181
190    -0.048800     0.037647     0.000000     0.000000  1     3.954130
191    -0.048929     0.037481     0.000000     0.000000  1     1.581070
192    -0.048475     0.037241     0.000000     0.000000  1     2.307710
193    -0.009188     0.014148     0.000000     0.000000  0     0.680316
194    -0.050716     0.040083     0.000000     0.000000  1   113.823000
195     0.022401    -0.005783     0.000000     0.000000  0     1.024740
196    -0.048592     0.037370     0.000000     0.000000  1    22.073700
197     0.016096     0.012568     0.000000     0.000000  0     0.712857
198    -0.022885     0.000613     0.000000     0.000000  0     0.731890
199    -0.006600     0.015793     0.000000     0.000000  0     1.248260
200     0.018599     0.011433     0.000000     0.000000  0     0.760147
201    -0.018968    -0.016048     0.000000     0.000000  0     4.154740
202     0.021993    -0.007577     0.000000     0.000000  0     1.091610
203    -0.011674    -0.019584     0.000000     0.000000  0     2.160390
204     0.003552    -0.021592     0.000000     0.000000  0     1.064940
205    -0.003951     0.017230     0.000000     0.000000  0     0.709439
206    -0.022724     0.003255     0.000000     0.000000  0     0.797178
207     0.000959    -0.022697     0.000000     0.000000  0     0.912811
208    -0.021363    -0.015207     0.000000     0.000000  0     1.087270
209    -0.050491     0.019380     0.000000     0.000000  1     1.790670
210     0.021072     0.010386     0.000000     0.000000  0     1.035230
211    -0.022291     0.005852     0.000000     0.000000  0     0.756877
212     0.000791    -0.025077     0.000000     0.000000  0     1.283140
213     0.023826     0.011853     0.000000     0.000000  0     2.216870
214     0.024571    -0.011148     0.000000     0.000000  0     0.708854
215    -0.024538     0.007091     0.000000     0.000000  0     1.546680
216    -0.048188     0.053439     0.000000     0.000000  1    35.156400
217     0.021257     0.012795     0.000000     0.000000  0     0.769071
218    -0.021697    -0.017446     0.000000     0.000000  0   339.545000
219     0.024491    -0.009212     0.000000     0.000000  0     1.135390
220    -0.003762     0.019346     0.000000     0.000000  0     0.819333
221    -0.049952     0.055354     0.000000     0.000000  1  1000.000000
222    -0.049567     0.012181     0.000000     0.000000  1     0.837764
223     0.006231    -0.022437     0.000000     0.000000  0     1.898140
224    -0.018999    -0.018333     0.000000     0.000000  0     2.509190
225    -0.006253     0.018356     0.000000     0.000000  0     0.806143
226     0.024734    -0.004466     0.000000     0.000000  0     0.854240
227    -0.016583    -0.019753     0.000000     0.000000  0     1.779470
228     0.011023    -0.019661     0.000000     0.000000  0     0.727922
229     0.013845     0.016508     0.000000     0.000000  0     0.881441
230    -0.041195     0.041077     0.000000     0.000000  1  1000.000000
231    -0.048500     0.056686     0.000000     0.000000  1  1000.000000
232     0.013932    -0.018798     0.000000     0.000000  0     1.380310
233    -0.011517     0.016141     0.000000     0.000000  0     0.822905
234    -0.049138     0.055031     0.000000     0.000000  1  1000.000000
235     0.025109     0.000596     0.000000     0.000000  0     7.562640
236    -0.025660    -0.005715     0.000000     0.000000  0     1.147290
237     0.025509     0.002986     0.000000     0.000000  0     0.856568
238    -0.056746     0.018729     0.000000     0.000000  1  1000.000000
239     0.016174    -0.017004     0.000000     0.000000  0     1.691110
240    -0.037157     0.053566     0.000000     0.000000  1  1000.000000
241    -0.050234     0.054691     0.000000     0.000000  1  1000.000000
242    -0.016827     0.013116     0.000000     0.000000  0     1.083150
243     0.006317     0.019587     0.000000     0.000000  0     1.194160
244     0.025498     0.005382     0.000000     0.000000  0     0.943414
245    -0.047713     0.032287     0.000000     0.000000  1 -1000.000000
246    -0.019335     0.011761     0.000000     0.000000  0     0.842596
247     0.003751     0.020953     0.000000     0.000000  0     1.136310
248     0.021549    -0.014821     0.000000     0.000000  0     1.150660
249    -0.048078     0.056583     0.000000     0.000000  1  1000.000000
250    -0.049543     0.056110     0.000000     0.000000  1  1000.000000
251    -0.049908     0.056090     0.000000     0.000000  1  1000.000000
252    -0.052180     0.014620     0.000000     0.000000  1     6.650400
253     0.026013     0.010759     0.000000     0.000000  0     1.571770
254    -0.050603     0.055538     0.000000     0.000000  1   997.636000
255    -0.001157     0.023485     0.000000     0.000000  0     0.915827
256    -0.046421     0.000754     0.000000     0.000000  0     0.224094
257     0.026925    -0.007971     0.000000     0.000000  0     8.534260
258    -0.048442     0.056386     0.000000     0.000000  1  1000.000000
259    -0.046601     0.014113     0.000000     0.000000  0     0.208863
260    -0.048976     0.056683     0.000000     0.000000  1  1000.000000
261    -0.051004     0.054565     0.000000     0.000000  1 -1000.000000
262     0.027106    -0.005604     0.000000     0.000000  0     0.567911
263    -0.049631     0.056645     0.000000     0.000000  1  1000.000000
264    -0.058708     0.003096     0.000000     0.000000  1  1000.000000
265    -0.056457     0.047182     0.000000     0.000000  1  1000.000000
266     0.037828    -0.031516     0.000000     0.000000  1     1.059880
267    -0.050523     0.039315     0.000000     0.000000  1 -1000.000000
268    -0.055022     0.047116     0.000000     0.000000  1  1000.000000
269    -0.010628     0.049879     0.000000     0.000000  1     0.165874
270    -0.049243     0.056626     0.000000     0.000000  1  1000.000000
271    -0.051519     0.008050     0.000000     0.000000  1 -1000.000000
272    -0.052540    -0.000195     0.000000     0.000000  1     0.181867
273    -0.050349     0.056203     0.000000     0.000000  1  1000.000000
274    -0.057661    -0.034197     0.000000     0.000000  1     0.887493
275    -0.049705     0.055384     0.000000     0.000000  1  1000.000000
276    -0.049654     0.056157     0.000000     0.000000  1  1000.000000
277    -0.050259     0.055679     0.000000     0.000000  1  1000.000000
278    -0.048134     0.056786     0.000000     0.000000  1  1000.000000
279    -0.046687     0.049878     0.000000     0.000000  1     0.872291
280     0.021242     0.038847     0.000000     0.000000  1   395.657000
281    -0.055238     0.024867     0.000000     0.000000  1  1000.000000
282     0.016501    -0.019636     0.000000     0.000000  0     5.212210
283    -0.058103     0.013026     0.000000     0.000000  1  1000.000000
284    -0.057310     0.037672     0.000000     0.000000  1  1000.000000
285    -0.045590     0.048188     0.000000     0.000000  1     0.186060
286    -0.037440     0.055714     0.000000     0.000000  1 -1000.000000
287    -0.050494     0.049652     0.000000     0.000000  1    -0.888657
288    -0.051080     0.055144     0.000000     0.000000  1  1000.000000
289    -0.047153     0.041032     0.000000     0.000000  1  1000.000000
290    -0.049597     0.037934     0.000000     0.000000  1    -8.428600
291    -0.021425    -0.021774     0.000000     0.000000  0     2.089410
292    -0.057892     0.016539     0.000000     0.000000  1  1000.000000
293    -0.052499     0.003282     0.000000     0.000000  1  1000.000000
294    -0.012951     0.030994     0.000000     0.000000  1     0.064994
295    -0.043153     0.011151     0.000000     0.000000  1  1000.000000
296    -0.027043     0.057781     0.000000     0.000000  1  1000.000000
297    -0.053038    -0.005658     0.000000     0.000000  1     0.563002
298    -0.050468     0.055444     0.000000     0.000000  1  1000.000000
299    -0.053537    -0.035590     0.000000     0.000000  1     0.170097
300    -0.057660     0.017195     0.000000     0.000000  1 -1000.000000
301    -0.060006     0.009398     0.000000     0.000000  1  1000.000000
302    -0.057174     0.017312     0.000000     0.000000  1  1000.000000
303    -0.051428     0.023587     0.000000     0.000000  1     4.244510
304    -0.041206     0.023539     0.000000     0.000000  1    -1.353120
305     0.019030    -0.021389     0.000000     0.000000  0     4.954500
306    -0.047341     0.050328     0.000000     0.000000  1     0.332983
307    -0.049553     0.056974     0.000000     0.000000  1  1000.000000
308    -0.050591     0.055076     0.000000     0.000000  1  1000.000000
309     0.024001    -0.016162     0.000000     0.000000  0     2.479400
310    -0.048450     0.031616     0.000000     0.000000  1     0.136983
311    -0.010872     0.058094     0.000000     0.000000  1  1000.000000
312    -0.058116     0.037671     0.000000     0.000000  1  1000.000000
313    -0.006226     0.023161     0.000000     0.000000  0     0.368666
314    -0.041146     0.040982     0.000000     0.000000  1  1000.000000
315     0.015404     0.056418     0.000000     0.000000  1  1000.000000
316    -0.049781    -0.002237     0.000000     0.000000  1     0.983236
317     0.011601     0.055836     0.000000     0.000000  1  1000.000000
318    -0.041142     0.044897     0.000000     0.000000  1    46.978100
319    -0.046187     0.046171     0.000000     0.000000  1     1.233290
320    -0.042153     0.026603     0.000000     0.000000  1 -1000.000000
321    -0.051930     0.047607     0.000000     0.000000  1    14.812300
322    -0.040542     0.056386     0.000000     0.000000  1 -1000.000000
323    -0.055829     0.024798     0.000000     0.000000  1  1000.000000
